50
0.00,29.18,-720.00
0.00
0
-94.18,39.48,-1460.65
0.20
2
-731.64,249.69,-2086.32
1.57
2
-1721.52,535.13,-1659.35
2.43
2
-1405.23,850.81,-477.08
3.91
2
-264.24,1136.86,-668.31
5.57
2
-58.85,1290.28,-1786.46
6.25
2
-86.79,1290.62,-3268.65
6.22
0
-207.06,1202.88,-4603.76
6.60
2
-1002.04,1193.14,-5879.36
6.51
1
-280.06,1193.25,-7201.86
5.66
2
-43.50,1018.97,-8804.46
6.28
0
-39.56,894.75,-10034.46
6.28
0
-36.68,827.45,-10934.46
6.28
1
616.78,812.25,-11955.76
5.26
1
1972.55,805.59,-12305.79
4.68
0
3024.78,800.97,-12495.67
5.00
2
3833.41,788.27,-13400.82
6.01
2
3955.03,482.20,-14680.74
6.25
0
4035.67,-431.64,-17109.42
6.25
0
4090.43,-430.98,-18758.56
6.25
0
4122.29,-430.60,-19718.06
6.25
1
4315.40,-431.48,-20347.73
5.65
1
5350.09,-431.73,-20559.42
4.46
1
6146.17,-431.09,-19324.72
3.70
0
7045.56,-431.84,-18086.97
3.77
0
8346.91,-431.82,-16566.04
3.80
0
8895.83,-431.70,-15270.91
3.24
1
8472.63,-431.58,-13619.06
2.57
1
7326.39,-431.66,-12726.77
2.15
1
5801.97,-430.38,-12853.26
1.19
0
4580.90,-431.32,-13538.69
0.86
0
3065.62,-430.54,-14766.07
0.89
0
1946.64,-430.01,-15672.45
0.89
2
826.89,-431.37,-15435.16
2.54
2
781.89,-431.67,-14383.11
3.28
2
1185.44,-431.36,-12567.62
3.37
0
1545.44,-272.93,-11018.92
3.37
0
1919.02,78.94,-9411.79
3.37
0
2316.33,-321.73,-6991.90
3.15
0
2335.23,-260.24,-4741.97
3.15
0
2304.65,30.35,-3062.49
3.11
0
2260.10,29.82,-1653.19
3.11
0
2217.45,29.31,-303.87
3.11
0
2162.48,29.71,1435.27
3.11
0
2139.74,29.50,2154.91
3.11
1
1550.85,30.11,2877.75
1.78
1
512.94,29.48,2510.84
0.95
1
57.77,29.41,1564.75
0.30
1
3.80,29.22,125.97
0.01
0
