62
-246.84,125.83,-1834.84
0.59
2
-744.63,257.39,-2224.07
-4.61
2
-1410.17,422.76,-1983.75
-4.03
2
-1911.32,618.84,-1370.35
-3.20
2
-1372.44,859.52,-428.83
-2.16
2
-467.26,1049.93,-379.79
-1.29
2
4.22,1285.55,-1211.79
-0.18
0
74.84,1290.25,-3753.28
-0.22
0
802.95,1194.51,-5158.01
-0.40
2
915.22,1193.15,-6232.54
0.15
2
448.67,1196.95,-7000.93
0.52
1
133.85,1109.68,-7928.93
0.17
0
38.77,1053.40,-8460.60
0.03
0
18.72,989.59,-9090.27
0.03
0
-8.96,901.92,-9959.82
0.03
0
26.97,825.51,-11036.82
-0.11
1
692.21,811.94,-11986.99
-0.75
1
1421.55,807.97,-12248.60
-1.57
0
2261.54,806.07,-12252.89
-1.57
0
2922.12,802.77,-12388.83
-1.09
2
3789.50,795.52,-12922.79
-0.30
2
3942.57,783.84,-13714.48
-0.03
0
3993.39,31.23,-15693.83
-0.03
0
4051.91,-431.44,-17973.09
-0.03
0
4096.57,-430.91,-19712.52
-0.03
1
4407.57,-431.71,-20466.45
-0.79
1
5488.51,-430.93,-20409.44
-2.12
1
6293.85,-429.95,-19291.60
-2.56
0
6708.56,-430.73,-18666.69
-2.56
0
7189.19,-431.64,-17941.51
-2.50
0
7904.29,-431.54,-16977.83
-2.50
0
8386.97,-430.24,-16327.36
-2.50
0
8780.27,-431.60,-15797.34
-2.50
1
8915.66,-431.57,-15049.98
-3.31
1
8525.82,-431.66,-13704.85
-3.88
1
7274.26,-431.61,-12696.96
-4.32
1
6281.06,-431.78,-12650.48
1.28
1
5450.97,-431.76,-12912.18
0.87
0
4625.50,-430.33,-13608.59
0.87
0
4052.26,-429.85,-14092.21
0.87
0
3288.16,-430.34,-14619.42
1.01
0
2463.62,-431.69,-15353.08
0.77
2
1726.09,-431.68,-15916.69
-4.30
2
755.25,-431.16,-15507.45
-3.43
2
856.49,-431.27,-14225.12
-2.92
0
1109.99,-431.72,-13082.92
-2.92
0
1363.49,-431.55,-11940.73
-2.92
0
1623.49,-210.91,-10769.24
-2.92
0
1902.99,64.18,-9509.90
-2.92
0
2185.95,-322.31,-7532.42
-3.11
0
2224.87,-322.07,-6273.01
-3.11
0
2264.72,-294.91,-4983.62
-3.11
0
2299.01,32.47,-3874.15
-3.11
0
2337.01,30.73,-2644.74
-3.11
0
2374.08,31.17,-1445.31
-3.11
0
2412.08,31.87,-215.90
-3.11
0
2373.13,31.16,981.00
-3.28
0
2245.41,29.63,1871.87
-3.29
1
2048.58,29.37,2447.29
-3.82
1
1400.87,29.97,2889.74
-4.63
1
339.48,29.57,2226.61
0.45
1
118.05,30.59,1398.18
0.05
0

